Coordinates at the BP86/def-SV(P) level

trans−[Co(Cl)2 (en)2 ]+ C2h
Co   -0.0000000    0.0000000    0.0000000
N     0.9796219    0.9250504    1.4465417
H     1.9975871    0.9860448    1.2749967
N    -0.9796219   -0.9250504    1.4465417
H    -1.9975871   -0.9860448    1.2749967
H    -0.5875694   -1.8856143    1.4808665
N     0.9796219    0.9250504   -1.4465417
H     1.9975871    0.9860448   -1.2749967
N    -0.9796219   -0.9250504   -1.4465417
H    -0.5875694   -1.8856143   -1.4808665
H    -1.9975871   -0.9860448   -1.2749967
H     0.5875694    1.8856143   -1.4808665
H     0.5875694    1.8856143    1.4808665
C    -0.7309644   -0.2109040    2.7340391
H    -0.9730550   -0.8528852    3.6089728
H    -1.3978026    0.6760745    2.7497012
C     0.7309644    0.2109040    2.7340391
H     1.3978026   -0.6760745    2.7497012
H     0.9730550    0.8528852    3.6089728
C    -0.7309644   -0.2109040   -2.7340391
H    -0.9730550   -0.8528852   -3.6089728
H    -1.3978026    0.6760745   -2.7497012
C     0.7309644    0.2109040   -2.7340391
H     0.9730550    0.8528852   -3.6089728
H     1.3978026   -0.6760745   -2.7497012
Cl   -1.5212739    1.6710584    0.0000000
Cl    1.5212739   -1.6710584    0.0000000

[Co(CO)6]3+ Oh
Co   -0.0000000   -0.0000000    0.0000000
C    -0.0000000    0.0000000    1.9364229
O     0.0000000    0.0000000    3.0645256
C     1.9364229    0.0000000   -0.0000000
C    -0.0000000    1.9364229    0.0000000
C    -1.9364229   -0.0000000    0.0000000
C     0.0000000   -1.9364229    0.0000000
C     0.0000000   -0.0000000   -1.9364229
O     3.0645256    0.0000000   -0.0000000
O    -0.0000000    3.0645256   -0.0000000
O    -3.0645256   -0.0000000    0.0000000
O     0.0000000   -3.0645256   -0.0000000
O     0.0000000   -0.0000000   -3.0645256

[Co(H2O)6]3+ Th
Co    0.0000000    0.0000000    0.0000000
O    -0.0000000    0.0000000   -1.9263982
H     0.8210311   -0.0000000   -2.4886640
O    -0.0000000    1.9263982    0.0000000
H     0.0000000    2.4886640    0.8210311
O    -0.0000000    0.0000000    1.9263982
H    -0.8210311    0.0000000    2.4886640
O     0.0000000   -1.9263982    0.0000000
H    -0.0000000   -2.4886640   -0.8210311
O    -1.9263982   -0.0000000   -0.0000000
H    -2.4886640    0.8210311   -0.0000000
O     1.9263982    0.0000000    0.0000000
H     2.4886640   -0.8210311    0.0000000
H     2.4886640    0.8210311    0.0000000
H    -0.0000000   -2.4886640    0.8210311
H     0.8210311   -0.0000000    2.4886640
H    -2.4886640   -0.8210311   -0.0000000
H     0.0000000    2.4886640   -0.8210311
H    -0.8210311    0.0000000   -2.4886640

[Co(H2O)6]2+ D2h
Co    0.0000000    0.0000000    0.0000000
O     0.0000000    2.0436512    0.0000000
H     0.0000000    2.6199937   -0.8001571
O     2.1310102    0.0000000    0.0000000
H     2.7123010   -0.7945324    0.0000000
O     0.0000000   -2.0436512    0.0000000
H     0.0000000   -2.6199937    0.8001571
O    -2.1310102    0.0000000    0.0000000
H    -2.7123010    0.7945324    0.0000000
O     0.0000000    0.0000000    2.1229072
H     0.7936441    0.0000000    2.7054399
O     0.0000000    0.0000000   -2.1229072
H    -0.7936441    0.0000000   -2.7054399
H     0.7936441    0.0000000   -2.7054399
H    -2.7123010   -0.7945324    0.0000000
H     0.0000000   -2.6199937   -0.8001571
H    -0.7936441    0.0000000    2.7054399
H     2.7123010    0.7945324    0.0000000
H     0.0000000    2.6199937    0.8001571

[CoCN)6]3- Oh
Co    0.0000000    0.0000000   -0.0000000 
C     0.0000000    1.9270147   -0.0000000 
N     0.0000000    3.1127755    0.0000000 
C    -0.0000000   -0.0000000    1.9270147 
C     1.9270147   -0.0000000    0.0000000 
C    -0.0000000    0.0000000   -1.9270147 
C    -1.9270147    0.0000000   -0.0000000 
C    -0.0000000   -1.9270147    0.0000000 
N     0.0000000   -0.0000000    3.1127755 
N     3.1127755   -0.0000000   -0.0000000 
N    -0.0000000    0.0000000   -3.1127755 
N    -3.1127755    0.0000000    0.0000000 
N    -0.0000000   -3.1127755   -0.0000000

[Co(CN)5(H2O)]3- C2v
Co    0.0000000    0.0000000   -0.4866415
C     1.5270665   -1.6006898   -0.1125486
C     1.5270665    1.6006898   -0.1125486
C    -1.5270665    1.6006898   -0.1125486
C    -1.5270665   -1.6006898   -0.1125486
C     0.0000000    0.0000000   -2.6008790
N     2.3204970   -2.4302256    0.1997873
N     2.3204970    2.4302256    0.1997873
N    -2.3204970    2.4302256    0.1997873
N    -2.3204970   -2.4302256    0.1997873
N     0.0000000    0.0000000   -3.7890914
O     0.0000000    0.0000000    1.8115467
H     0.0000000    0.8139751    2.3580551
H     0.0000000   -0.8139751    2.3580551

